euler = 2.718000
pie = 3.141500